{
 "cells": [
  {
   "cell_type": "code",
   "execution_count": 1,
   "metadata": {},
   "outputs": [],
   "source": [
    "%matplotlib notebook\n"
   ]
  },
  {
   "cell_type": "code",
   "execution_count": 19,
   "metadata": {},
   "outputs": [],
   "source": [
    "import warnings\n",
    "warnings.filterwarnings('ignore')\n",
    "\n",
    "# Dependencies\n",
    "import numpy as np\n",
    "import pandas as pd\n",
    "import matplotlib.pyplot as plt\n",
    "import requests\n",
    "from census import Census\n",
    "import gmaps\n",
    "import os\n",
    "import datetime"
   ]
  },
  {
   "cell_type": "code",
   "execution_count": 20,
   "metadata": {},
   "outputs": [
    {
     "data": {
      "text/html": [
       "<div>\n",
       "<style scoped>\n",
       "    .dataframe tbody tr th:only-of-type {\n",
       "        vertical-align: middle;\n",
       "    }\n",
       "\n",
       "    .dataframe tbody tr th {\n",
       "        vertical-align: top;\n",
       "    }\n",
       "\n",
       "    .dataframe thead th {\n",
       "        text-align: right;\n",
       "    }\n",
       "</style>\n",
       "<table border=\"1\" class=\"dataframe\">\n",
       "  <thead>\n",
       "    <tr style=\"text-align: right;\">\n",
       "      <th></th>\n",
       "      <th>datetime</th>\n",
       "      <th>co</th>\n",
       "      <th>no</th>\n",
       "      <th>no2</th>\n",
       "      <th>o3</th>\n",
       "      <th>so2</th>\n",
       "      <th>pm2_5</th>\n",
       "      <th>pm10</th>\n",
       "      <th>nh3</th>\n",
       "      <th>aqi</th>\n",
       "      <th>City</th>\n",
       "      <th>Public Transportation Rate</th>\n",
       "      <th>Median Age</th>\n",
       "      <th>Population</th>\n",
       "    </tr>\n",
       "  </thead>\n",
       "  <tbody>\n",
       "    <tr>\n",
       "      <th>0</th>\n",
       "      <td>2021-01-31 12:00:00</td>\n",
       "      <td>781.06</td>\n",
       "      <td>38.89</td>\n",
       "      <td>87.74</td>\n",
       "      <td>0.09</td>\n",
       "      <td>23.60</td>\n",
       "      <td>35.14</td>\n",
       "      <td>45.48</td>\n",
       "      <td>10.89</td>\n",
       "      <td>4.0</td>\n",
       "      <td>Brooklyn</td>\n",
       "      <td>61.84046</td>\n",
       "      <td>34.694286</td>\n",
       "      <td>2480847.0</td>\n",
       "    </tr>\n",
       "    <tr>\n",
       "      <th>1</th>\n",
       "      <td>2021-01-31 11:00:00</td>\n",
       "      <td>534.06</td>\n",
       "      <td>5.87</td>\n",
       "      <td>78.14</td>\n",
       "      <td>4.47</td>\n",
       "      <td>20.98</td>\n",
       "      <td>18.22</td>\n",
       "      <td>24.25</td>\n",
       "      <td>6.33</td>\n",
       "      <td>2.0</td>\n",
       "      <td>Brooklyn</td>\n",
       "      <td>61.84046</td>\n",
       "      <td>34.694286</td>\n",
       "      <td>2480847.0</td>\n",
       "    </tr>\n",
       "    <tr>\n",
       "      <th>2</th>\n",
       "      <td>2021-01-31 10:00:00</td>\n",
       "      <td>460.63</td>\n",
       "      <td>1.36</td>\n",
       "      <td>67.86</td>\n",
       "      <td>13.23</td>\n",
       "      <td>20.03</td>\n",
       "      <td>13.65</td>\n",
       "      <td>18.51</td>\n",
       "      <td>5.07</td>\n",
       "      <td>2.0</td>\n",
       "      <td>Brooklyn</td>\n",
       "      <td>61.84046</td>\n",
       "      <td>34.694286</td>\n",
       "      <td>2480847.0</td>\n",
       "    </tr>\n",
       "    <tr>\n",
       "      <th>3</th>\n",
       "      <td>2021-01-31 09:00:00</td>\n",
       "      <td>447.27</td>\n",
       "      <td>0.83</td>\n",
       "      <td>63.75</td>\n",
       "      <td>15.38</td>\n",
       "      <td>19.07</td>\n",
       "      <td>12.76</td>\n",
       "      <td>17.30</td>\n",
       "      <td>4.75</td>\n",
       "      <td>2.0</td>\n",
       "      <td>Brooklyn</td>\n",
       "      <td>61.84046</td>\n",
       "      <td>34.694286</td>\n",
       "      <td>2480847.0</td>\n",
       "    </tr>\n",
       "    <tr>\n",
       "      <th>4</th>\n",
       "      <td>2021-01-31 08:00:00</td>\n",
       "      <td>447.27</td>\n",
       "      <td>0.82</td>\n",
       "      <td>61.69</td>\n",
       "      <td>15.02</td>\n",
       "      <td>17.17</td>\n",
       "      <td>12.64</td>\n",
       "      <td>16.99</td>\n",
       "      <td>4.69</td>\n",
       "      <td>2.0</td>\n",
       "      <td>Brooklyn</td>\n",
       "      <td>61.84046</td>\n",
       "      <td>34.694286</td>\n",
       "      <td>2480847.0</td>\n",
       "    </tr>\n",
       "  </tbody>\n",
       "</table>\n",
       "</div>"
      ],
      "text/plain": [
       "              datetime      co     no    no2     o3    so2  pm2_5   pm10  \\\n",
       "0  2021-01-31 12:00:00  781.06  38.89  87.74   0.09  23.60  35.14  45.48   \n",
       "1  2021-01-31 11:00:00  534.06   5.87  78.14   4.47  20.98  18.22  24.25   \n",
       "2  2021-01-31 10:00:00  460.63   1.36  67.86  13.23  20.03  13.65  18.51   \n",
       "3  2021-01-31 09:00:00  447.27   0.83  63.75  15.38  19.07  12.76  17.30   \n",
       "4  2021-01-31 08:00:00  447.27   0.82  61.69  15.02  17.17  12.64  16.99   \n",
       "\n",
       "     nh3  aqi      City  Public Transportation Rate  Median Age  Population  \n",
       "0  10.89  4.0  Brooklyn                    61.84046   34.694286   2480847.0  \n",
       "1   6.33  2.0  Brooklyn                    61.84046   34.694286   2480847.0  \n",
       "2   5.07  2.0  Brooklyn                    61.84046   34.694286   2480847.0  \n",
       "3   4.75  2.0  Brooklyn                    61.84046   34.694286   2480847.0  \n",
       "4   4.69  2.0  Brooklyn                    61.84046   34.694286   2480847.0  "
      ]
     },
     "execution_count": 20,
     "metadata": {},
     "output_type": "execute_result"
    }
   ],
   "source": [
    "# Read in csv file\n",
    "pollution_data = pd.read_csv(\"https://raw.githubusercontent.com/khartmann5/Project_01/chris_stuff/Resources/Collected_Pollution_Measurements.csv\")\n",
    "pollution_data.head()"
   ]
  },
  {
   "cell_type": "code",
   "execution_count": 28,
   "metadata": {},
   "outputs": [
    {
     "data": {
      "text/html": [
       "<div>\n",
       "<style scoped>\n",
       "    .dataframe tbody tr th:only-of-type {\n",
       "        vertical-align: middle;\n",
       "    }\n",
       "\n",
       "    .dataframe tbody tr th {\n",
       "        vertical-align: top;\n",
       "    }\n",
       "\n",
       "    .dataframe thead th {\n",
       "        text-align: right;\n",
       "    }\n",
       "</style>\n",
       "<table border=\"1\" class=\"dataframe\">\n",
       "  <thead>\n",
       "    <tr style=\"text-align: right;\">\n",
       "      <th></th>\n",
       "      <th>datetime</th>\n",
       "      <th>co</th>\n",
       "      <th>no</th>\n",
       "      <th>no2</th>\n",
       "      <th>o3</th>\n",
       "      <th>so2</th>\n",
       "      <th>pm2_5</th>\n",
       "      <th>pm10</th>\n",
       "      <th>nh3</th>\n",
       "      <th>aqi</th>\n",
       "      <th>City</th>\n",
       "      <th>Public Transportation Rate</th>\n",
       "      <th>Median Age</th>\n",
       "      <th>Population</th>\n",
       "    </tr>\n",
       "  </thead>\n",
       "  <tbody>\n",
       "    <tr>\n",
       "      <th>2788</th>\n",
       "      <td>2021-01-31 12:00:00</td>\n",
       "      <td>514.03</td>\n",
       "      <td>26.82</td>\n",
       "      <td>42.16</td>\n",
       "      <td>0.01</td>\n",
       "      <td>4.89</td>\n",
       "      <td>24.73</td>\n",
       "      <td>35.64</td>\n",
       "      <td>5.13</td>\n",
       "      <td>3.0</td>\n",
       "      <td>Los Angeles</td>\n",
       "      <td>12.176151</td>\n",
       "      <td>32.657143</td>\n",
       "      <td>1019978.0</td>\n",
       "    </tr>\n",
       "    <tr>\n",
       "      <th>2789</th>\n",
       "      <td>2021-01-31 11:00:00</td>\n",
       "      <td>547.41</td>\n",
       "      <td>28.61</td>\n",
       "      <td>47.30</td>\n",
       "      <td>0.01</td>\n",
       "      <td>4.59</td>\n",
       "      <td>28.40</td>\n",
       "      <td>40.54</td>\n",
       "      <td>5.26</td>\n",
       "      <td>4.0</td>\n",
       "      <td>Los Angeles</td>\n",
       "      <td>12.176151</td>\n",
       "      <td>32.657143</td>\n",
       "      <td>1019978.0</td>\n",
       "    </tr>\n",
       "    <tr>\n",
       "      <th>2790</th>\n",
       "      <td>2021-01-31 10:00:00</td>\n",
       "      <td>647.54</td>\n",
       "      <td>37.10</td>\n",
       "      <td>55.52</td>\n",
       "      <td>0.00</td>\n",
       "      <td>4.35</td>\n",
       "      <td>36.10</td>\n",
       "      <td>50.67</td>\n",
       "      <td>5.83</td>\n",
       "      <td>4.0</td>\n",
       "      <td>Los Angeles</td>\n",
       "      <td>12.176151</td>\n",
       "      <td>32.657143</td>\n",
       "      <td>1019978.0</td>\n",
       "    </tr>\n",
       "    <tr>\n",
       "      <th>2791</th>\n",
       "      <td>2021-01-31 09:00:00</td>\n",
       "      <td>867.84</td>\n",
       "      <td>61.69</td>\n",
       "      <td>70.60</td>\n",
       "      <td>0.00</td>\n",
       "      <td>4.47</td>\n",
       "      <td>51.42</td>\n",
       "      <td>70.83</td>\n",
       "      <td>7.73</td>\n",
       "      <td>5.0</td>\n",
       "      <td>Los Angeles</td>\n",
       "      <td>12.176151</td>\n",
       "      <td>32.657143</td>\n",
       "      <td>1019978.0</td>\n",
       "    </tr>\n",
       "    <tr>\n",
       "      <th>2792</th>\n",
       "      <td>2021-01-31 08:00:00</td>\n",
       "      <td>1255.04</td>\n",
       "      <td>105.50</td>\n",
       "      <td>93.22</td>\n",
       "      <td>0.00</td>\n",
       "      <td>4.89</td>\n",
       "      <td>74.82</td>\n",
       "      <td>102.16</td>\n",
       "      <td>12.16</td>\n",
       "      <td>5.0</td>\n",
       "      <td>Los Angeles</td>\n",
       "      <td>12.176151</td>\n",
       "      <td>32.657143</td>\n",
       "      <td>1019978.0</td>\n",
       "    </tr>\n",
       "    <tr>\n",
       "      <th>...</th>\n",
       "      <td>...</td>\n",
       "      <td>...</td>\n",
       "      <td>...</td>\n",
       "      <td>...</td>\n",
       "      <td>...</td>\n",
       "      <td>...</td>\n",
       "      <td>...</td>\n",
       "      <td>...</td>\n",
       "      <td>...</td>\n",
       "      <td>...</td>\n",
       "      <td>...</td>\n",
       "      <td>...</td>\n",
       "      <td>...</td>\n",
       "      <td>...</td>\n",
       "    </tr>\n",
       "    <tr>\n",
       "      <th>3480</th>\n",
       "      <td>2021-01-01 16:00:00</td>\n",
       "      <td>1615.52</td>\n",
       "      <td>182.39</td>\n",
       "      <td>85.68</td>\n",
       "      <td>0.40</td>\n",
       "      <td>7.39</td>\n",
       "      <td>63.08</td>\n",
       "      <td>87.80</td>\n",
       "      <td>20.27</td>\n",
       "      <td>5.0</td>\n",
       "      <td>Los Angeles</td>\n",
       "      <td>12.176151</td>\n",
       "      <td>32.657143</td>\n",
       "      <td>1019978.0</td>\n",
       "    </tr>\n",
       "    <tr>\n",
       "      <th>3481</th>\n",
       "      <td>2021-01-01 15:00:00</td>\n",
       "      <td>961.30</td>\n",
       "      <td>86.73</td>\n",
       "      <td>60.32</td>\n",
       "      <td>0.00</td>\n",
       "      <td>5.42</td>\n",
       "      <td>35.31</td>\n",
       "      <td>50.89</td>\n",
       "      <td>10.01</td>\n",
       "      <td>4.0</td>\n",
       "      <td>Los Angeles</td>\n",
       "      <td>12.176151</td>\n",
       "      <td>32.657143</td>\n",
       "      <td>1019978.0</td>\n",
       "    </tr>\n",
       "    <tr>\n",
       "      <th>3482</th>\n",
       "      <td>2021-01-01 14:00:00</td>\n",
       "      <td>620.84</td>\n",
       "      <td>38.45</td>\n",
       "      <td>47.30</td>\n",
       "      <td>0.00</td>\n",
       "      <td>4.47</td>\n",
       "      <td>20.31</td>\n",
       "      <td>31.14</td>\n",
       "      <td>4.75</td>\n",
       "      <td>3.0</td>\n",
       "      <td>Los Angeles</td>\n",
       "      <td>12.176151</td>\n",
       "      <td>32.657143</td>\n",
       "      <td>1019978.0</td>\n",
       "    </tr>\n",
       "    <tr>\n",
       "      <th>3483</th>\n",
       "      <td>2021-01-01 13:00:00</td>\n",
       "      <td>574.11</td>\n",
       "      <td>31.29</td>\n",
       "      <td>46.61</td>\n",
       "      <td>0.01</td>\n",
       "      <td>3.93</td>\n",
       "      <td>18.90</td>\n",
       "      <td>29.46</td>\n",
       "      <td>3.64</td>\n",
       "      <td>2.0</td>\n",
       "      <td>Los Angeles</td>\n",
       "      <td>12.176151</td>\n",
       "      <td>32.657143</td>\n",
       "      <td>1019978.0</td>\n",
       "    </tr>\n",
       "    <tr>\n",
       "      <th>3484</th>\n",
       "      <td>2021-01-01 12:00:00</td>\n",
       "      <td>600.82</td>\n",
       "      <td>32.63</td>\n",
       "      <td>49.35</td>\n",
       "      <td>0.01</td>\n",
       "      <td>3.76</td>\n",
       "      <td>20.12</td>\n",
       "      <td>31.79</td>\n",
       "      <td>3.61</td>\n",
       "      <td>3.0</td>\n",
       "      <td>Los Angeles</td>\n",
       "      <td>12.176151</td>\n",
       "      <td>32.657143</td>\n",
       "      <td>1019978.0</td>\n",
       "    </tr>\n",
       "  </tbody>\n",
       "</table>\n",
       "<p>697 rows × 14 columns</p>\n",
       "</div>"
      ],
      "text/plain": [
       "                 datetime       co      no    no2    o3   so2  pm2_5    pm10  \\\n",
       "2788  2021-01-31 12:00:00   514.03   26.82  42.16  0.01  4.89  24.73   35.64   \n",
       "2789  2021-01-31 11:00:00   547.41   28.61  47.30  0.01  4.59  28.40   40.54   \n",
       "2790  2021-01-31 10:00:00   647.54   37.10  55.52  0.00  4.35  36.10   50.67   \n",
       "2791  2021-01-31 09:00:00   867.84   61.69  70.60  0.00  4.47  51.42   70.83   \n",
       "2792  2021-01-31 08:00:00  1255.04  105.50  93.22  0.00  4.89  74.82  102.16   \n",
       "...                   ...      ...     ...    ...   ...   ...    ...     ...   \n",
       "3480  2021-01-01 16:00:00  1615.52  182.39  85.68  0.40  7.39  63.08   87.80   \n",
       "3481  2021-01-01 15:00:00   961.30   86.73  60.32  0.00  5.42  35.31   50.89   \n",
       "3482  2021-01-01 14:00:00   620.84   38.45  47.30  0.00  4.47  20.31   31.14   \n",
       "3483  2021-01-01 13:00:00   574.11   31.29  46.61  0.01  3.93  18.90   29.46   \n",
       "3484  2021-01-01 12:00:00   600.82   32.63  49.35  0.01  3.76  20.12   31.79   \n",
       "\n",
       "        nh3  aqi         City  Public Transportation Rate  Median Age  \\\n",
       "2788   5.13  3.0  Los Angeles                   12.176151   32.657143   \n",
       "2789   5.26  4.0  Los Angeles                   12.176151   32.657143   \n",
       "2790   5.83  4.0  Los Angeles                   12.176151   32.657143   \n",
       "2791   7.73  5.0  Los Angeles                   12.176151   32.657143   \n",
       "2792  12.16  5.0  Los Angeles                   12.176151   32.657143   \n",
       "...     ...  ...          ...                         ...         ...   \n",
       "3480  20.27  5.0  Los Angeles                   12.176151   32.657143   \n",
       "3481  10.01  4.0  Los Angeles                   12.176151   32.657143   \n",
       "3482   4.75  3.0  Los Angeles                   12.176151   32.657143   \n",
       "3483   3.64  2.0  Los Angeles                   12.176151   32.657143   \n",
       "3484   3.61  3.0  Los Angeles                   12.176151   32.657143   \n",
       "\n",
       "      Population  \n",
       "2788   1019978.0  \n",
       "2789   1019978.0  \n",
       "2790   1019978.0  \n",
       "2791   1019978.0  \n",
       "2792   1019978.0  \n",
       "...          ...  \n",
       "3480   1019978.0  \n",
       "3481   1019978.0  \n",
       "3482   1019978.0  \n",
       "3483   1019978.0  \n",
       "3484   1019978.0  \n",
       "\n",
       "[697 rows x 14 columns]"
      ]
     },
     "execution_count": 28,
     "metadata": {},
     "output_type": "execute_result"
    }
   ],
   "source": [
    "la_data = pollution_data.loc[pollution_data[\"City\"] =='Los Angeles']\n",
    "\n",
    "la_data"
   ]
  },
  {
   "cell_type": "code",
   "execution_count": 29,
   "metadata": {},
   "outputs": [
    {
     "ename": "KeyError",
     "evalue": "0",
     "output_type": "error",
     "traceback": [
      "\u001b[0;31m---------------------------------------------------------------------------\u001b[0m",
      "\u001b[0;31mKeyError\u001b[0m                                  Traceback (most recent call last)",
      "\u001b[0;32m~/opt/anaconda3/lib/python3.8/site-packages/pandas/core/indexes/base.py\u001b[0m in \u001b[0;36mget_loc\u001b[0;34m(self, key, method, tolerance)\u001b[0m\n\u001b[1;32m   2894\u001b[0m             \u001b[0;32mtry\u001b[0m\u001b[0;34m:\u001b[0m\u001b[0;34m\u001b[0m\u001b[0;34m\u001b[0m\u001b[0m\n\u001b[0;32m-> 2895\u001b[0;31m                 \u001b[0;32mreturn\u001b[0m \u001b[0mself\u001b[0m\u001b[0;34m.\u001b[0m\u001b[0m_engine\u001b[0m\u001b[0;34m.\u001b[0m\u001b[0mget_loc\u001b[0m\u001b[0;34m(\u001b[0m\u001b[0mcasted_key\u001b[0m\u001b[0;34m)\u001b[0m\u001b[0;34m\u001b[0m\u001b[0;34m\u001b[0m\u001b[0m\n\u001b[0m\u001b[1;32m   2896\u001b[0m             \u001b[0;32mexcept\u001b[0m \u001b[0mKeyError\u001b[0m \u001b[0;32mas\u001b[0m \u001b[0merr\u001b[0m\u001b[0;34m:\u001b[0m\u001b[0;34m\u001b[0m\u001b[0;34m\u001b[0m\u001b[0m\n",
      "\u001b[0;32mpandas/_libs/index.pyx\u001b[0m in \u001b[0;36mpandas._libs.index.IndexEngine.get_loc\u001b[0;34m()\u001b[0m\n",
      "\u001b[0;32mpandas/_libs/index.pyx\u001b[0m in \u001b[0;36mpandas._libs.index.IndexEngine.get_loc\u001b[0;34m()\u001b[0m\n",
      "\u001b[0;32mpandas/_libs/hashtable_class_helper.pxi\u001b[0m in \u001b[0;36mpandas._libs.hashtable.Int64HashTable.get_item\u001b[0;34m()\u001b[0m\n",
      "\u001b[0;32mpandas/_libs/hashtable_class_helper.pxi\u001b[0m in \u001b[0;36mpandas._libs.hashtable.Int64HashTable.get_item\u001b[0;34m()\u001b[0m\n",
      "\u001b[0;31mKeyError\u001b[0m: 0",
      "\nThe above exception was the direct cause of the following exception:\n",
      "\u001b[0;31mKeyError\u001b[0m                                  Traceback (most recent call last)",
      "\u001b[0;32m<ipython-input-29-6b866d370ec6>\u001b[0m in \u001b[0;36m<module>\u001b[0;34m\u001b[0m\n\u001b[0;32m----> 1\u001b[0;31m \u001b[0mtype\u001b[0m\u001b[0;34m(\u001b[0m\u001b[0mla_data\u001b[0m\u001b[0;34m[\u001b[0m\u001b[0;34m\"datetime\"\u001b[0m\u001b[0;34m]\u001b[0m\u001b[0;34m[\u001b[0m\u001b[0;36m0\u001b[0m\u001b[0;34m]\u001b[0m\u001b[0;34m)\u001b[0m\u001b[0;34m\u001b[0m\u001b[0;34m\u001b[0m\u001b[0m\n\u001b[0m",
      "\u001b[0;32m~/opt/anaconda3/lib/python3.8/site-packages/pandas/core/series.py\u001b[0m in \u001b[0;36m__getitem__\u001b[0;34m(self, key)\u001b[0m\n\u001b[1;32m    880\u001b[0m \u001b[0;34m\u001b[0m\u001b[0m\n\u001b[1;32m    881\u001b[0m         \u001b[0;32melif\u001b[0m \u001b[0mkey_is_scalar\u001b[0m\u001b[0;34m:\u001b[0m\u001b[0;34m\u001b[0m\u001b[0;34m\u001b[0m\u001b[0m\n\u001b[0;32m--> 882\u001b[0;31m             \u001b[0;32mreturn\u001b[0m \u001b[0mself\u001b[0m\u001b[0;34m.\u001b[0m\u001b[0m_get_value\u001b[0m\u001b[0;34m(\u001b[0m\u001b[0mkey\u001b[0m\u001b[0;34m)\u001b[0m\u001b[0;34m\u001b[0m\u001b[0;34m\u001b[0m\u001b[0m\n\u001b[0m\u001b[1;32m    883\u001b[0m \u001b[0;34m\u001b[0m\u001b[0m\n\u001b[1;32m    884\u001b[0m         \u001b[0;32mif\u001b[0m \u001b[0mis_hashable\u001b[0m\u001b[0;34m(\u001b[0m\u001b[0mkey\u001b[0m\u001b[0;34m)\u001b[0m\u001b[0;34m:\u001b[0m\u001b[0;34m\u001b[0m\u001b[0;34m\u001b[0m\u001b[0m\n",
      "\u001b[0;32m~/opt/anaconda3/lib/python3.8/site-packages/pandas/core/series.py\u001b[0m in \u001b[0;36m_get_value\u001b[0;34m(self, label, takeable)\u001b[0m\n\u001b[1;32m    987\u001b[0m \u001b[0;34m\u001b[0m\u001b[0m\n\u001b[1;32m    988\u001b[0m         \u001b[0;31m# Similar to Index.get_value, but we do not fall back to positional\u001b[0m\u001b[0;34m\u001b[0m\u001b[0;34m\u001b[0m\u001b[0;34m\u001b[0m\u001b[0m\n\u001b[0;32m--> 989\u001b[0;31m         \u001b[0mloc\u001b[0m \u001b[0;34m=\u001b[0m \u001b[0mself\u001b[0m\u001b[0;34m.\u001b[0m\u001b[0mindex\u001b[0m\u001b[0;34m.\u001b[0m\u001b[0mget_loc\u001b[0m\u001b[0;34m(\u001b[0m\u001b[0mlabel\u001b[0m\u001b[0;34m)\u001b[0m\u001b[0;34m\u001b[0m\u001b[0;34m\u001b[0m\u001b[0m\n\u001b[0m\u001b[1;32m    990\u001b[0m         \u001b[0;32mreturn\u001b[0m \u001b[0mself\u001b[0m\u001b[0;34m.\u001b[0m\u001b[0mindex\u001b[0m\u001b[0;34m.\u001b[0m\u001b[0m_get_values_for_loc\u001b[0m\u001b[0;34m(\u001b[0m\u001b[0mself\u001b[0m\u001b[0;34m,\u001b[0m \u001b[0mloc\u001b[0m\u001b[0;34m,\u001b[0m \u001b[0mlabel\u001b[0m\u001b[0;34m)\u001b[0m\u001b[0;34m\u001b[0m\u001b[0;34m\u001b[0m\u001b[0m\n\u001b[1;32m    991\u001b[0m \u001b[0;34m\u001b[0m\u001b[0m\n",
      "\u001b[0;32m~/opt/anaconda3/lib/python3.8/site-packages/pandas/core/indexes/base.py\u001b[0m in \u001b[0;36mget_loc\u001b[0;34m(self, key, method, tolerance)\u001b[0m\n\u001b[1;32m   2895\u001b[0m                 \u001b[0;32mreturn\u001b[0m \u001b[0mself\u001b[0m\u001b[0;34m.\u001b[0m\u001b[0m_engine\u001b[0m\u001b[0;34m.\u001b[0m\u001b[0mget_loc\u001b[0m\u001b[0;34m(\u001b[0m\u001b[0mcasted_key\u001b[0m\u001b[0;34m)\u001b[0m\u001b[0;34m\u001b[0m\u001b[0;34m\u001b[0m\u001b[0m\n\u001b[1;32m   2896\u001b[0m             \u001b[0;32mexcept\u001b[0m \u001b[0mKeyError\u001b[0m \u001b[0;32mas\u001b[0m \u001b[0merr\u001b[0m\u001b[0;34m:\u001b[0m\u001b[0;34m\u001b[0m\u001b[0;34m\u001b[0m\u001b[0m\n\u001b[0;32m-> 2897\u001b[0;31m                 \u001b[0;32mraise\u001b[0m \u001b[0mKeyError\u001b[0m\u001b[0;34m(\u001b[0m\u001b[0mkey\u001b[0m\u001b[0;34m)\u001b[0m \u001b[0;32mfrom\u001b[0m \u001b[0merr\u001b[0m\u001b[0;34m\u001b[0m\u001b[0;34m\u001b[0m\u001b[0m\n\u001b[0m\u001b[1;32m   2898\u001b[0m \u001b[0;34m\u001b[0m\u001b[0m\n\u001b[1;32m   2899\u001b[0m         \u001b[0;32mif\u001b[0m \u001b[0mtolerance\u001b[0m \u001b[0;32mis\u001b[0m \u001b[0;32mnot\u001b[0m \u001b[0;32mNone\u001b[0m\u001b[0;34m:\u001b[0m\u001b[0;34m\u001b[0m\u001b[0;34m\u001b[0m\u001b[0m\n",
      "\u001b[0;31mKeyError\u001b[0m: 0"
     ]
    }
   ],
   "source": [
    "type(la_data[\"datetime\"][0])\n"
   ]
  },
  {
   "cell_type": "code",
   "execution_count": 30,
   "metadata": {},
   "outputs": [
    {
     "data": {
      "text/html": [
       "<div>\n",
       "<style scoped>\n",
       "    .dataframe tbody tr th:only-of-type {\n",
       "        vertical-align: middle;\n",
       "    }\n",
       "\n",
       "    .dataframe tbody tr th {\n",
       "        vertical-align: top;\n",
       "    }\n",
       "\n",
       "    .dataframe thead th {\n",
       "        text-align: right;\n",
       "    }\n",
       "</style>\n",
       "<table border=\"1\" class=\"dataframe\">\n",
       "  <thead>\n",
       "    <tr style=\"text-align: right;\">\n",
       "      <th></th>\n",
       "      <th>datetime</th>\n",
       "      <th>co</th>\n",
       "      <th>no</th>\n",
       "      <th>no2</th>\n",
       "      <th>o3</th>\n",
       "      <th>so2</th>\n",
       "      <th>pm2_5</th>\n",
       "      <th>pm10</th>\n",
       "      <th>nh3</th>\n",
       "      <th>aqi</th>\n",
       "      <th>City</th>\n",
       "      <th>Public Transportation Rate</th>\n",
       "      <th>Median Age</th>\n",
       "      <th>Population</th>\n",
       "    </tr>\n",
       "  </thead>\n",
       "  <tbody>\n",
       "    <tr>\n",
       "      <th>3484</th>\n",
       "      <td>2021-01-01 12:00:00</td>\n",
       "      <td>600.82</td>\n",
       "      <td>32.63</td>\n",
       "      <td>49.35</td>\n",
       "      <td>0.01</td>\n",
       "      <td>3.76</td>\n",
       "      <td>20.12</td>\n",
       "      <td>31.79</td>\n",
       "      <td>3.61</td>\n",
       "      <td>3.0</td>\n",
       "      <td>Los Angeles</td>\n",
       "      <td>12.176151</td>\n",
       "      <td>32.657143</td>\n",
       "      <td>1019978.0</td>\n",
       "    </tr>\n",
       "    <tr>\n",
       "      <th>3483</th>\n",
       "      <td>2021-01-01 13:00:00</td>\n",
       "      <td>574.11</td>\n",
       "      <td>31.29</td>\n",
       "      <td>46.61</td>\n",
       "      <td>0.01</td>\n",
       "      <td>3.93</td>\n",
       "      <td>18.90</td>\n",
       "      <td>29.46</td>\n",
       "      <td>3.64</td>\n",
       "      <td>2.0</td>\n",
       "      <td>Los Angeles</td>\n",
       "      <td>12.176151</td>\n",
       "      <td>32.657143</td>\n",
       "      <td>1019978.0</td>\n",
       "    </tr>\n",
       "    <tr>\n",
       "      <th>3482</th>\n",
       "      <td>2021-01-01 14:00:00</td>\n",
       "      <td>620.84</td>\n",
       "      <td>38.45</td>\n",
       "      <td>47.30</td>\n",
       "      <td>0.00</td>\n",
       "      <td>4.47</td>\n",
       "      <td>20.31</td>\n",
       "      <td>31.14</td>\n",
       "      <td>4.75</td>\n",
       "      <td>3.0</td>\n",
       "      <td>Los Angeles</td>\n",
       "      <td>12.176151</td>\n",
       "      <td>32.657143</td>\n",
       "      <td>1019978.0</td>\n",
       "    </tr>\n",
       "    <tr>\n",
       "      <th>3481</th>\n",
       "      <td>2021-01-01 15:00:00</td>\n",
       "      <td>961.30</td>\n",
       "      <td>86.73</td>\n",
       "      <td>60.32</td>\n",
       "      <td>0.00</td>\n",
       "      <td>5.42</td>\n",
       "      <td>35.31</td>\n",
       "      <td>50.89</td>\n",
       "      <td>10.01</td>\n",
       "      <td>4.0</td>\n",
       "      <td>Los Angeles</td>\n",
       "      <td>12.176151</td>\n",
       "      <td>32.657143</td>\n",
       "      <td>1019978.0</td>\n",
       "    </tr>\n",
       "    <tr>\n",
       "      <th>3480</th>\n",
       "      <td>2021-01-01 16:00:00</td>\n",
       "      <td>1615.52</td>\n",
       "      <td>182.39</td>\n",
       "      <td>85.68</td>\n",
       "      <td>0.40</td>\n",
       "      <td>7.39</td>\n",
       "      <td>63.08</td>\n",
       "      <td>87.80</td>\n",
       "      <td>20.27</td>\n",
       "      <td>5.0</td>\n",
       "      <td>Los Angeles</td>\n",
       "      <td>12.176151</td>\n",
       "      <td>32.657143</td>\n",
       "      <td>1019978.0</td>\n",
       "    </tr>\n",
       "    <tr>\n",
       "      <th>...</th>\n",
       "      <td>...</td>\n",
       "      <td>...</td>\n",
       "      <td>...</td>\n",
       "      <td>...</td>\n",
       "      <td>...</td>\n",
       "      <td>...</td>\n",
       "      <td>...</td>\n",
       "      <td>...</td>\n",
       "      <td>...</td>\n",
       "      <td>...</td>\n",
       "      <td>...</td>\n",
       "      <td>...</td>\n",
       "      <td>...</td>\n",
       "      <td>...</td>\n",
       "    </tr>\n",
       "    <tr>\n",
       "      <th>2792</th>\n",
       "      <td>2021-01-31 08:00:00</td>\n",
       "      <td>1255.04</td>\n",
       "      <td>105.50</td>\n",
       "      <td>93.22</td>\n",
       "      <td>0.00</td>\n",
       "      <td>4.89</td>\n",
       "      <td>74.82</td>\n",
       "      <td>102.16</td>\n",
       "      <td>12.16</td>\n",
       "      <td>5.0</td>\n",
       "      <td>Los Angeles</td>\n",
       "      <td>12.176151</td>\n",
       "      <td>32.657143</td>\n",
       "      <td>1019978.0</td>\n",
       "    </tr>\n",
       "    <tr>\n",
       "      <th>2791</th>\n",
       "      <td>2021-01-31 09:00:00</td>\n",
       "      <td>867.84</td>\n",
       "      <td>61.69</td>\n",
       "      <td>70.60</td>\n",
       "      <td>0.00</td>\n",
       "      <td>4.47</td>\n",
       "      <td>51.42</td>\n",
       "      <td>70.83</td>\n",
       "      <td>7.73</td>\n",
       "      <td>5.0</td>\n",
       "      <td>Los Angeles</td>\n",
       "      <td>12.176151</td>\n",
       "      <td>32.657143</td>\n",
       "      <td>1019978.0</td>\n",
       "    </tr>\n",
       "    <tr>\n",
       "      <th>2790</th>\n",
       "      <td>2021-01-31 10:00:00</td>\n",
       "      <td>647.54</td>\n",
       "      <td>37.10</td>\n",
       "      <td>55.52</td>\n",
       "      <td>0.00</td>\n",
       "      <td>4.35</td>\n",
       "      <td>36.10</td>\n",
       "      <td>50.67</td>\n",
       "      <td>5.83</td>\n",
       "      <td>4.0</td>\n",
       "      <td>Los Angeles</td>\n",
       "      <td>12.176151</td>\n",
       "      <td>32.657143</td>\n",
       "      <td>1019978.0</td>\n",
       "    </tr>\n",
       "    <tr>\n",
       "      <th>2789</th>\n",
       "      <td>2021-01-31 11:00:00</td>\n",
       "      <td>547.41</td>\n",
       "      <td>28.61</td>\n",
       "      <td>47.30</td>\n",
       "      <td>0.01</td>\n",
       "      <td>4.59</td>\n",
       "      <td>28.40</td>\n",
       "      <td>40.54</td>\n",
       "      <td>5.26</td>\n",
       "      <td>4.0</td>\n",
       "      <td>Los Angeles</td>\n",
       "      <td>12.176151</td>\n",
       "      <td>32.657143</td>\n",
       "      <td>1019978.0</td>\n",
       "    </tr>\n",
       "    <tr>\n",
       "      <th>2788</th>\n",
       "      <td>2021-01-31 12:00:00</td>\n",
       "      <td>514.03</td>\n",
       "      <td>26.82</td>\n",
       "      <td>42.16</td>\n",
       "      <td>0.01</td>\n",
       "      <td>4.89</td>\n",
       "      <td>24.73</td>\n",
       "      <td>35.64</td>\n",
       "      <td>5.13</td>\n",
       "      <td>3.0</td>\n",
       "      <td>Los Angeles</td>\n",
       "      <td>12.176151</td>\n",
       "      <td>32.657143</td>\n",
       "      <td>1019978.0</td>\n",
       "    </tr>\n",
       "  </tbody>\n",
       "</table>\n",
       "<p>697 rows × 14 columns</p>\n",
       "</div>"
      ],
      "text/plain": [
       "                 datetime       co      no    no2    o3   so2  pm2_5    pm10  \\\n",
       "3484  2021-01-01 12:00:00   600.82   32.63  49.35  0.01  3.76  20.12   31.79   \n",
       "3483  2021-01-01 13:00:00   574.11   31.29  46.61  0.01  3.93  18.90   29.46   \n",
       "3482  2021-01-01 14:00:00   620.84   38.45  47.30  0.00  4.47  20.31   31.14   \n",
       "3481  2021-01-01 15:00:00   961.30   86.73  60.32  0.00  5.42  35.31   50.89   \n",
       "3480  2021-01-01 16:00:00  1615.52  182.39  85.68  0.40  7.39  63.08   87.80   \n",
       "...                   ...      ...     ...    ...   ...   ...    ...     ...   \n",
       "2792  2021-01-31 08:00:00  1255.04  105.50  93.22  0.00  4.89  74.82  102.16   \n",
       "2791  2021-01-31 09:00:00   867.84   61.69  70.60  0.00  4.47  51.42   70.83   \n",
       "2790  2021-01-31 10:00:00   647.54   37.10  55.52  0.00  4.35  36.10   50.67   \n",
       "2789  2021-01-31 11:00:00   547.41   28.61  47.30  0.01  4.59  28.40   40.54   \n",
       "2788  2021-01-31 12:00:00   514.03   26.82  42.16  0.01  4.89  24.73   35.64   \n",
       "\n",
       "        nh3  aqi         City  Public Transportation Rate  Median Age  \\\n",
       "3484   3.61  3.0  Los Angeles                   12.176151   32.657143   \n",
       "3483   3.64  2.0  Los Angeles                   12.176151   32.657143   \n",
       "3482   4.75  3.0  Los Angeles                   12.176151   32.657143   \n",
       "3481  10.01  4.0  Los Angeles                   12.176151   32.657143   \n",
       "3480  20.27  5.0  Los Angeles                   12.176151   32.657143   \n",
       "...     ...  ...          ...                         ...         ...   \n",
       "2792  12.16  5.0  Los Angeles                   12.176151   32.657143   \n",
       "2791   7.73  5.0  Los Angeles                   12.176151   32.657143   \n",
       "2790   5.83  4.0  Los Angeles                   12.176151   32.657143   \n",
       "2789   5.26  4.0  Los Angeles                   12.176151   32.657143   \n",
       "2788   5.13  3.0  Los Angeles                   12.176151   32.657143   \n",
       "\n",
       "      Population  \n",
       "3484   1019978.0  \n",
       "3483   1019978.0  \n",
       "3482   1019978.0  \n",
       "3481   1019978.0  \n",
       "3480   1019978.0  \n",
       "...          ...  \n",
       "2792   1019978.0  \n",
       "2791   1019978.0  \n",
       "2790   1019978.0  \n",
       "2789   1019978.0  \n",
       "2788   1019978.0  \n",
       "\n",
       "[697 rows x 14 columns]"
      ]
     },
     "execution_count": 30,
     "metadata": {},
     "output_type": "execute_result"
    }
   ],
   "source": [
    "\n",
    "df = la_data.sort_values(\"datetime\")\n",
    "df"
   ]
  },
  {
   "cell_type": "code",
   "execution_count": 31,
   "metadata": {},
   "outputs": [
    {
     "data": {
      "text/html": [
       "<div>\n",
       "<style scoped>\n",
       "    .dataframe tbody tr th:only-of-type {\n",
       "        vertical-align: middle;\n",
       "    }\n",
       "\n",
       "    .dataframe tbody tr th {\n",
       "        vertical-align: top;\n",
       "    }\n",
       "\n",
       "    .dataframe thead th {\n",
       "        text-align: right;\n",
       "    }\n",
       "</style>\n",
       "<table border=\"1\" class=\"dataframe\">\n",
       "  <thead>\n",
       "    <tr style=\"text-align: right;\">\n",
       "      <th></th>\n",
       "      <th>date</th>\n",
       "      <th>co</th>\n",
       "      <th>no</th>\n",
       "      <th>no2</th>\n",
       "      <th>o3</th>\n",
       "      <th>so2</th>\n",
       "      <th>pm2_5</th>\n",
       "      <th>pm10</th>\n",
       "      <th>nh3</th>\n",
       "      <th>aqi</th>\n",
       "      <th>Public Transportation Rate</th>\n",
       "      <th>Median Age</th>\n",
       "      <th>Population</th>\n",
       "    </tr>\n",
       "  </thead>\n",
       "  <tbody>\n",
       "    <tr>\n",
       "      <th>0</th>\n",
       "      <td>2021-01-01</td>\n",
       "      <td>1401.344167</td>\n",
       "      <td>140.183333</td>\n",
       "      <td>97.333333</td>\n",
       "      <td>15.845000</td>\n",
       "      <td>14.489167</td>\n",
       "      <td>61.091667</td>\n",
       "      <td>80.423333</td>\n",
       "      <td>16.774167</td>\n",
       "      <td>4.083333</td>\n",
       "      <td>12.176151</td>\n",
       "      <td>32.657143</td>\n",
       "      <td>1019978.0</td>\n",
       "    </tr>\n",
       "    <tr>\n",
       "      <th>1</th>\n",
       "      <td>2021-01-02</td>\n",
       "      <td>1216.510833</td>\n",
       "      <td>114.074167</td>\n",
       "      <td>75.342500</td>\n",
       "      <td>16.335417</td>\n",
       "      <td>9.375417</td>\n",
       "      <td>51.966667</td>\n",
       "      <td>67.333333</td>\n",
       "      <td>7.667917</td>\n",
       "      <td>4.000000</td>\n",
       "      <td>12.176151</td>\n",
       "      <td>32.657143</td>\n",
       "      <td>1019978.0</td>\n",
       "    </tr>\n",
       "    <tr>\n",
       "      <th>2</th>\n",
       "      <td>2021-01-03</td>\n",
       "      <td>1457.950000</td>\n",
       "      <td>146.855417</td>\n",
       "      <td>75.771250</td>\n",
       "      <td>19.173750</td>\n",
       "      <td>10.326250</td>\n",
       "      <td>81.845833</td>\n",
       "      <td>100.330417</td>\n",
       "      <td>7.641250</td>\n",
       "      <td>4.750000</td>\n",
       "      <td>12.176151</td>\n",
       "      <td>32.657143</td>\n",
       "      <td>1019978.0</td>\n",
       "    </tr>\n",
       "    <tr>\n",
       "      <th>3</th>\n",
       "      <td>2021-01-04</td>\n",
       "      <td>1431.107083</td>\n",
       "      <td>111.002083</td>\n",
       "      <td>117.354583</td>\n",
       "      <td>21.647917</td>\n",
       "      <td>18.979583</td>\n",
       "      <td>121.406250</td>\n",
       "      <td>144.278750</td>\n",
       "      <td>8.749167</td>\n",
       "      <td>4.958333</td>\n",
       "      <td>12.176151</td>\n",
       "      <td>32.657143</td>\n",
       "      <td>1019978.0</td>\n",
       "    </tr>\n",
       "    <tr>\n",
       "      <th>4</th>\n",
       "      <td>2021-01-05</td>\n",
       "      <td>1425.267500</td>\n",
       "      <td>119.117083</td>\n",
       "      <td>107.872083</td>\n",
       "      <td>9.164583</td>\n",
       "      <td>14.219167</td>\n",
       "      <td>103.637500</td>\n",
       "      <td>120.881667</td>\n",
       "      <td>4.761667</td>\n",
       "      <td>4.958333</td>\n",
       "      <td>12.176151</td>\n",
       "      <td>32.657143</td>\n",
       "      <td>1019978.0</td>\n",
       "    </tr>\n",
       "    <tr>\n",
       "      <th>5</th>\n",
       "      <td>2021-01-06</td>\n",
       "      <td>1848.896250</td>\n",
       "      <td>183.749583</td>\n",
       "      <td>140.661250</td>\n",
       "      <td>8.845833</td>\n",
       "      <td>20.937500</td>\n",
       "      <td>113.381250</td>\n",
       "      <td>142.134583</td>\n",
       "      <td>16.930833</td>\n",
       "      <td>4.750000</td>\n",
       "      <td>12.176151</td>\n",
       "      <td>32.657143</td>\n",
       "      <td>1019978.0</td>\n",
       "    </tr>\n",
       "    <tr>\n",
       "      <th>6</th>\n",
       "      <td>2021-01-07</td>\n",
       "      <td>1982.410000</td>\n",
       "      <td>213.841250</td>\n",
       "      <td>117.526250</td>\n",
       "      <td>2.871667</td>\n",
       "      <td>13.736667</td>\n",
       "      <td>104.485000</td>\n",
       "      <td>137.422500</td>\n",
       "      <td>14.467917</td>\n",
       "      <td>4.875000</td>\n",
       "      <td>12.176151</td>\n",
       "      <td>32.657143</td>\n",
       "      <td>1019978.0</td>\n",
       "    </tr>\n",
       "    <tr>\n",
       "      <th>7</th>\n",
       "      <td>2021-01-08</td>\n",
       "      <td>1978.794583</td>\n",
       "      <td>205.095833</td>\n",
       "      <td>134.520833</td>\n",
       "      <td>13.539167</td>\n",
       "      <td>19.128750</td>\n",
       "      <td>110.702083</td>\n",
       "      <td>140.937500</td>\n",
       "      <td>10.899583</td>\n",
       "      <td>4.791667</td>\n",
       "      <td>12.176151</td>\n",
       "      <td>32.657143</td>\n",
       "      <td>1019978.0</td>\n",
       "    </tr>\n",
       "    <tr>\n",
       "      <th>8</th>\n",
       "      <td>2021-01-09</td>\n",
       "      <td>1400.511250</td>\n",
       "      <td>106.702083</td>\n",
       "      <td>121.753750</td>\n",
       "      <td>16.870833</td>\n",
       "      <td>14.779583</td>\n",
       "      <td>93.432083</td>\n",
       "      <td>116.748750</td>\n",
       "      <td>11.025833</td>\n",
       "      <td>4.583333</td>\n",
       "      <td>12.176151</td>\n",
       "      <td>32.657143</td>\n",
       "      <td>1019978.0</td>\n",
       "    </tr>\n",
       "    <tr>\n",
       "      <th>9</th>\n",
       "      <td>2021-01-10</td>\n",
       "      <td>1143.772917</td>\n",
       "      <td>87.447083</td>\n",
       "      <td>96.235000</td>\n",
       "      <td>12.793333</td>\n",
       "      <td>12.990000</td>\n",
       "      <td>55.202083</td>\n",
       "      <td>72.536667</td>\n",
       "      <td>9.600000</td>\n",
       "      <td>4.000000</td>\n",
       "      <td>12.176151</td>\n",
       "      <td>32.657143</td>\n",
       "      <td>1019978.0</td>\n",
       "    </tr>\n",
       "    <tr>\n",
       "      <th>10</th>\n",
       "      <td>2021-01-11</td>\n",
       "      <td>1323.460833</td>\n",
       "      <td>122.557500</td>\n",
       "      <td>94.778750</td>\n",
       "      <td>14.234583</td>\n",
       "      <td>14.631250</td>\n",
       "      <td>62.148333</td>\n",
       "      <td>83.442500</td>\n",
